  2.2354999389648438e+002  1.6899999999999999e+001
  2.2354999389648438e+002  1.7100000000000001e+001
  2.2374999389648437e+002  1.7199999999999999e+001
  2.2384999389648436e+002  1.7399999999999999e+001
  2.2394999389648439e+002  1.7600000000000001e+001
  2.2454999389648438e+002  1.7699999999999999e+001
  2.2434999389648436e+002  1.7899999999999999e+001
  2.2424999389648437e+002  1.8000000000000000e+001
  2.2424999389648437e+002  1.8199999999999999e+001
  2.2414999389648437e+002  1.8300000000000001e+001
  2.2404999389648438e+002  1.8500000000000000e+001
  2.2364999389648437e+002  1.8699999999999999e+001
  2.2344999389648439e+002  1.8899999999999999e+001
  2.2314999389648437e+002  1.9100000000000001e+001
  2.2304999389648438e+002  1.9300000000000001e+001
  2.2284999389648436e+002  1.9500000000000000e+001
  2.2274999389648437e+002  1.9699999999999999e+001
  2.2114999389648437e+002  1.9899999999999999e+001
  2.1914999389648437e+002  2.0100000000000001e+001
  2.1784999389648436e+002  2.0300000000000001e+001
  2.1734999389648436e+002  2.0399999999999999e+001
  2.1714999389648437e+002  2.0600000000000001e+001
  2.1714999389648437e+002  2.0899999999999999e+001
  2.1714999389648437e+002  2.1100000000000001e+001
  2.1704999389648438e+002  2.1300000000000001e+001
  2.1694999389648439e+002  2.1500000000000000e+001
  2.1704999389648438e+002  2.1699999999999999e+001
  2.1724999389648437e+002  2.1899999999999999e+001
  2.1764999389648437e+002  2.2199999999999999e+001
  2.1804999389648438e+002  2.2399999999999999e+001
  2.1834999389648436e+002  2.2500000000000000e+001
  2.1874999389648437e+002  2.2800000000000001e+001
  2.1884999389648436e+002  2.3100000000000001e+001
  2.1864999389648437e+002  2.3199999999999999e+001
  2.1854999389648438e+002  2.3500000000000000e+001
  2.1864999389648437e+002  2.3800000000000001e+001
  2.1854999389648438e+002  2.4100000000000001e+001
  2.1824999389648437e+002  2.4300000000000001e+001
  2.1804999389648438e+002  2.4500000000000000e+001
  2.1774999389648437e+002  2.4699999999999999e+001
  2.1734999389648436e+002  2.5000000000000000e+001
  2.1684999389648436e+002  2.5300000000000001e+001
  2.1644999389648439e+002  2.5600000000000001e+001
  2.1594999389648439e+002  2.6000000000000000e+001
  2.1584999389648436e+002  2.6100000000000001e+001
  2.1604999389648438e+002  2.6500000000000000e+001
  2.1644999389648439e+002  2.6699999999999999e+001
  2.1624999389648437e+002  2.7000000000000000e+001
  2.1594999389648439e+002  2.7300000000000001e+001
  2.1524999389648437e+002  2.7600000000000001e+001
  2.1444999389648439e+002  2.7800000000000001e+001
  2.1364999389648437e+002  2.8100000000000001e+001
  2.1314999389648437e+002  2.8399999999999999e+001
  2.1304999389648438e+002  2.8699999999999999e+001
  2.1314999389648437e+002  2.9000000000000000e+001
  2.1344999389648439e+002  2.9300000000000001e+001
  2.1374999389648437e+002  2.9600000000000001e+001
  2.1404999389648438e+002  2.9800000000000001e+001
  2.1424999389648437e+002  3.0000000000000000e+001
  2.1374999389648437e+002  3.0399999999999999e+001
  2.1274999389648437e+002  3.0699999999999999e+001
  2.1194999389648439e+002  3.1000000000000000e+001
  2.1194999389648439e+002  3.1300000000000001e+001
  2.1204999389648438e+002  3.1600000000000001e+001
  2.1214999389648437e+002  3.1899999999999999e+001
  2.1224999389648437e+002  3.2299999999999997e+001
  2.1194999389648439e+002  3.2600000000000001e+001
  2.1184999389648436e+002  3.2899999999999999e+001
  2.1174999389648437e+002  3.3200000000000003e+001
  2.1164999389648437e+002  3.3600000000000001e+001
  2.1174999389648437e+002  3.3899999999999999e+001
  2.1194999389648439e+002  3.4299999999999997e+001
  2.1184999389648436e+002  3.4600000000000001e+001
  2.1174999389648437e+002  3.4899999999999999e+001
  2.1164999389648437e+002  3.5299999999999997e+001
  2.1144999389648439e+002  3.5600000000000001e+001
  2.1114999389648437e+002  3.6000000000000000e+001
  2.1134999389648436e+002  3.6299999999999997e+001
  2.1144999389648439e+002  3.6700000000000003e+001
  2.1164999389648437e+002  3.7000000000000000e+001
  2.1204999389648438e+002  3.7399999999999999e+001
  2.1204999389648438e+002  3.7700000000000003e+001
  2.1214999389648437e+002  3.8100000000000001e+001
  2.1214999389648437e+002  3.8399999999999999e+001
  2.1224999389648437e+002  3.8799999999999997e+001
  2.1214999389648437e+002  3.9200000000000003e+001
  2.1144999389648439e+002  3.9600000000000001e+001
  2.1084999389648436e+002  3.9899999999999999e+001
  2.1064999389648437e+002  4.0299999999999997e+001
  2.1034999389648436e+002  4.0700000000000003e+001
  2.1024999389648437e+002  4.1000000000000000e+001
  2.1014999389648437e+002  4.1399999999999999e+001
  2.1004999389648438e+002  4.1799999999999997e+001
  2.0984999389648436e+002  4.2200000000000003e+001
  2.0974999389648437e+002  4.2600000000000001e+001
  2.1004999389648438e+002  4.3100000000000001e+001
  2.1044999389648439e+002  4.3500000000000000e+001
  2.1074999389648437e+002  4.3899999999999999e+001
  2.1074999389648437e+002  4.4399999999999999e+001
  2.1064999389648437e+002  4.4799999999999997e+001
  2.1044999389648439e+002  4.5299999999999997e+001
  2.1054999389648438e+002  4.5700000000000003e+001
  2.1074999389648437e+002  4.6200000000000003e+001
  2.1064999389648437e+002  4.6600000000000001e+001
  2.1074999389648437e+002  4.7100000000000001e+001
  2.1074999389648437e+002  4.7500000000000000e+001
  2.1044999389648439e+002  4.7899999999999999e+001
  2.1054999389648438e+002  4.8299999999999997e+001
  2.1024999389648437e+002  4.8799999999999997e+001
  2.0944999389648439e+002  4.9200000000000003e+001
  2.0894999389648439e+002  4.9700000000000003e+001
  2.0904999389648438e+002  5.0200000000000003e+001
  2.0904999389648438e+002  5.0600000000000001e+001
  2.0894999389648439e+002  5.1100000000000001e+001
  2.0874999389648437e+002  5.1600000000000001e+001
  2.0814999389648437e+002  5.2100000000000001e+001
  2.0564999389648437e+002  5.2600000000000001e+001
  2.0244999389648439e+002  5.3100000000000001e+001
  2.0224999389648437e+002  5.3600000000000001e+001
  2.0234999389648436e+002  5.4100000000000001e+001
  2.0244999389648439e+002  5.4700000000000003e+001
  2.0244999389648439e+002  5.5200000000000003e+001
  2.0234999389648436e+002  5.5799999999999997e+001
  2.0244999389648439e+002  5.6299999999999997e+001
  2.0244999389648439e+002  5.6899999999999999e+001
  2.0224999389648437e+002  5.7299999999999997e+001
  2.0184999389648436e+002  5.7899999999999999e+001
  2.0114999389648437e+002  5.8399999999999999e+001
  2.0124999389648437e+002  5.9000000000000000e+001
  2.0124999389648437e+002  5.9500000000000000e+001
  2.0124999389648437e+002  6.0100000000000001e+001
  2.0094999389648439e+002  6.0700000000000003e+001
  2.0074999389648437e+002  6.1200000000000003e+001
  2.0054999389648438e+002  6.1799999999999997e+001
  2.0014999389648437e+002  6.2399999999999999e+001
  1.9994999389648439e+002  6.3000000000000000e+001
  1.9994999389648439e+002  6.3600000000000001e+001
  2.0014999389648437e+002  6.4200000000000003e+001
  2.0024999389648437e+002  6.4900000000000006e+001
  2.0084999389648436e+002  6.5500000000000000e+001
  2.0134999389648436e+002  6.6099999999999994e+001
  2.0174999389648437e+002  6.6799999999999997e+001
  2.0224999389648437e+002  6.7500000000000000e+001
  2.0284999389648436e+002  6.8099999999999994e+001
  2.0324999389648437e+002  6.8799999999999997e+001
  2.0384999389648436e+002  6.9500000000000000e+001
  2.0414999389648437e+002  7.0200000000000003e+001
  2.0404999389648438e+002  7.0799999999999997e+001
  2.0394999389648439e+002  7.1599999999999994e+001
  2.0334999389648436e+002  7.2500000000000000e+001
  2.0334999389648436e+002  7.3299999999999997e+001
  2.0314999389648437e+002  7.4099999999999994e+001
  2.0304999389648438e+002  7.4900000000000006e+001
  2.0314999389648437e+002  7.5799999999999997e+001
  2.0264999389648437e+002  7.6700000000000003e+001
  2.0234999389648436e+002  7.7599999999999994e+001
  2.0084999389648436e+002  7.8500000000000000e+001
  1.9864999389648437e+002  7.9299999999999997e+001
  1.9614999389648437e+002  8.0400000000000006e+001
  1.9504999389648438e+002  8.1299999999999997e+001
  1.9474999389648437e+002  8.2400000000000006e+001
  1.9414999389648437e+002  8.3299999999999997e+001
  1.9384999389648436e+002  8.4400000000000006e+001
  1.9274999389648437e+002  8.5299999999999997e+001
  1.9084999389648436e+002  8.6400000000000006e+001
  1.8914999389648437e+002  8.7500000000000000e+001
  1.8844999389648439e+002  8.8700000000000003e+001
  1.8854999389648438e+002  8.9799999999999997e+001
  1.8924999389648437e+002  9.1200000000000003e+001
  1.8984999389648436e+002  9.2400000000000006e+001
  1.9034999389648436e+002  9.3799999999999997e+001
  1.9064999389648437e+002  9.4799999999999997e+001
  1.9094999389648439e+002  9.6200000000000003e+001
  1.9144999389648439e+002  9.7500000000000000e+001
  1.9154999389648438e+002  9.8900000000000006e+001
  1.9114999389648437e+002  1.0030000000000000e+002
  1.9074999389648437e+002  1.0180000000000000e+002
  1.9104999389648438e+002  1.0320000000000000e+002
  1.9144999389648439e+002  1.0440000000000001e+002
  1.9204999389648438e+002  1.0580000000000000e+002
  1.9264999389648437e+002  1.0740000000000001e+002
  1.9314999389648438e+002  1.0900000000000000e+002
  1.9364999389648437e+002  1.1050000000000000e+002
  1.9424999389648437e+002  1.1159999999999999e+002
  1.9454999389648438e+002  1.1270000000000000e+002
  1.9504999389648438e+002  1.1400000000000000e+002
  1.9534999389648436e+002  1.1500000000000000e+002
  1.9564999389648437e+002  1.1620000000000000e+002
  1.9594999389648439e+002  1.1740000000000001e+002
  1.9624999389648437e+002  1.1850000000000000e+002
  1.9674999389648437e+002  1.1959999999999999e+002
  1.9714999389648437e+002  1.2080000000000000e+002
  1.9764999389648437e+002  1.2190000000000001e+002
  1.9794999389648439e+002  1.2290000000000001e+002
  1.9834999389648436e+002  1.2400000000000000e+002
  1.9894999389648439e+002  1.2520000000000000e+002
  1.9974999389648437e+002  1.2650000000000000e+002
  2.0024999389648437e+002  1.2770000000000000e+002
  2.0074999389648437e+002  1.2919999999999999e+002
  2.0114999389648437e+002  1.3030000000000001e+002
  2.0184999389648436e+002  1.3190000000000001e+002
  2.0234999389648436e+002  1.3369999999999999e+002
  2.0294999389648439e+002  1.3519999999999999e+002
  2.0314999389648437e+002  1.3659999999999999e+002
  2.0354999389648438e+002  1.3819999999999999e+002
  2.0384999389648436e+002  1.3930000000000001e+002
  2.0444999389648439e+002  1.4050000000000000e+002
  2.0494999389648439e+002  1.4180000000000001e+002
  2.0524999389648437e+002  1.4309999999999999e+002
  2.0504999389648438e+002  1.4430000000000001e+002
  2.0514999389648437e+002  1.4590000000000001e+002
  2.0574999389648437e+002  1.4730000000000001e+002
  2.0604999389648438e+002  1.4859999999999999e+002
  2.0634999389648436e+002  1.5000000000000000e+002
  2.0624999389648437e+002  1.5140000000000001e+002
  2.0654999389648438e+002  1.5280000000000001e+002
  2.0664999389648437e+002  1.5400000000000000e+002
  2.0704999389648438e+002  1.5540000000000001e+002
  2.0754999389648438e+002  1.5680000000000001e+002
  2.0814999389648437e+002  1.5819999999999999e+002
  2.0844999389648439e+002  1.5969999999999999e+002
  2.0884999389648436e+002  1.6109999999999999e+002
  2.0934999389648436e+002  1.6250000000000000e+002
  2.0984999389648436e+002  1.6400000000000000e+002
  2.1044999389648439e+002  1.6569999999999999e+002
  2.1084999389648436e+002  1.6709999999999999e+002
  2.1124999389648437e+002  1.6850000000000000e+002
  2.1174999389648437e+002  1.7000000000000000e+002
  2.1234999389648436e+002  1.7159999999999999e+002
  2.1274999389648437e+002  1.7300000000000000e+002
  2.1324999389648437e+002  1.7450000000000000e+002
  2.1354999389648438e+002  1.7580000000000001e+002
  2.1404999389648438e+002  1.7769999999999999e+002
  2.1454999389648438e+002  1.7909999999999999e+002
  2.1504999389648438e+002  1.8069999999999999e+002
  2.1564999389648437e+002  1.8219999999999999e+002
  2.1604999389648438e+002  1.8380000000000001e+002
  2.1664999389648437e+002  1.8540000000000001e+002
  2.1704999389648438e+002  1.8690000000000001e+002
  2.1734999389648436e+002  1.8840000000000001e+002
  2.1764999389648437e+002  1.9000000000000000e+002
  2.1814999389648437e+002  1.9150000000000000e+002
  2.1864999389648437e+002  1.9309999999999999e+002
  2.1904999389648438e+002  1.9480000000000001e+002
  2.1964999389648437e+002  1.9650000000000000e+002
  2.2024999389648437e+002  1.9830000000000001e+002
  2.2084999389648436e+002  2.0050000000000000e+002
  2.2144999389648439e+002  2.0259999999999999e+002
  2.2194999389648439e+002  2.0469999999999999e+002
  2.2254999389648438e+002  2.0650000000000000e+002
  2.2284999389648436e+002  2.0809999999999999e+002
  2.2334999389648436e+002  2.0990000000000001e+002
  2.2394999389648439e+002  2.1180000000000001e+002
  2.2424999389648437e+002  2.1350000000000000e+002
  2.2454999389648438e+002  2.1530000000000001e+002
  2.2504999389648438e+002  2.1680000000000001e+002
  2.2564999389648437e+002  2.1890000000000001e+002
  2.2584999389648436e+002  2.2050000000000000e+002
  2.2624999389648437e+002  2.2209999999999999e+002
  2.2694999389648439e+002  2.2359999999999999e+002
  2.2724999389648437e+002  2.2540000000000001e+002
  2.2754999389648438e+002  2.2719999999999999e+002
  2.2764999389648437e+002  2.2909999999999999e+002
  2.2794999389648439e+002  2.3090000000000001e+002
  2.2834999389648436e+002  2.3290000000000001e+002
  2.2884999389648436e+002  2.3490000000000001e+002
  2.2954999389648438e+002  2.3700000000000000e+002
  2.2984999389648436e+002  2.3869999999999999e+002
  2.3024999389648437e+002  2.4069999999999999e+002
  2.3084999389648436e+002  2.4280000000000001e+002
  2.3134999389648436e+002  2.4490000000000001e+002
  2.3184999389648436e+002  2.4690000000000001e+002
  2.3204999389648438e+002  2.4869999999999999e+002
  2.3224999389648437e+002  2.5090000000000001e+002
  2.3274999389648437e+002  2.5309999999999999e+002
  2.3334999389648436e+002  2.5540000000000001e+002
  2.3384999389648436e+002  2.5750000000000000e+002
  2.3434999389648436e+002  2.5980000000000001e+002
  2.3484999389648436e+002  2.6200000000000000e+002
  2.3554999389648438e+002  2.6430000000000001e+002
  2.3614999389648437e+002  2.6719999999999999e+002
  2.3664999389648437e+002  2.6930000000000001e+002
  2.3724999389648437e+002  2.7169999999999999e+002
  2.3774999389648437e+002  2.7410000000000002e+002
  2.3824999389648437e+002  2.7660000000000002e+002
  2.3884999389648436e+002  2.7900000000000000e+002
  2.3934999389648436e+002  2.8139999999999998e+002
  2.3994999389648439e+002  2.8380000000000001e+002
  2.4054999389648438e+002  2.8610000000000002e+002
  2.4114999389648437e+002  2.8869999999999999e+002
  2.4164999389648437e+002  2.9150000000000000e+002
  2.4214999389648437e+002  2.9419999999999999e+002
  2.4264999389648437e+002  2.9669999999999999e+002
  2.4304999389648438e+002  2.9900000000000000e+002
  2.4364999389648437e+002  3.0139999999999998e+002
  2.4404999389648438e+002  3.0389999999999998e+002
  2.4434999389648436e+002  3.0650000000000000e+002
  2.4454999389648438e+002  3.0869999999999999e+002
  2.4494999389648439e+002  3.1160000000000002e+002
  2.4514999389648437e+002  3.1380000000000001e+002
  2.4554999389648438e+002  3.1619999999999999e+002
  2.4584999389648436e+002  3.1839999999999998e+002
  2.4644999389648439e+002  3.2110000000000002e+002
  2.4684999389648436e+002  3.2369999999999999e+002
  2.4754999389648438e+002  3.2650000000000000e+002
  2.4794999389648439e+002  3.2889999999999998e+002
  2.4834999389648436e+002  3.3139999999999998e+002
  2.4874999389648437e+002  3.3389999999999998e+002
  2.4894999389648439e+002  3.3660000000000002e+002
  2.4864999389648437e+002  3.3960000000000002e+002
  2.4884999389648436e+002  3.4210000000000002e+002
  2.4924999389648437e+002  3.4469999999999999e+002
  2.4924999389648437e+002  3.4760000000000002e+002
  2.4974999389648437e+002  3.5060000000000002e+002
  2.5024999389648437e+002  3.5319999999999999e+002
  2.5084999389648436e+002  3.5600000000000000e+002
  2.5134999389648436e+002  3.5869999999999999e+002
  2.5154999389648438e+002  3.6150000000000000e+002
  2.5214999389648437e+002  3.6419999999999999e+002
  2.5264999389648437e+002  3.6750000000000000e+002
  2.5304999389648438e+002  3.7080000000000001e+002
  2.5344999389648439e+002  3.7310000000000002e+002
  2.5384999389648436e+002  3.7589999999999998e+002
  2.5424999389648437e+002  3.7889999999999998e+002
  2.5484999389648436e+002  3.8210000000000002e+002
  2.5534999389648436e+002  3.8519999999999999e+002
  2.5574999389648437e+002  3.8819999999999999e+002
  2.5624999389648440e+002  3.9110000000000002e+002
  2.5674999389648440e+002  3.9419999999999999e+002
  2.5724999389648440e+002  3.9700000000000000e+002
  2.5764999389648437e+002  3.9989999999999998e+002
  2.5824999389648440e+002  4.0310000000000002e+002
  2.5874999389648440e+002  4.0700000000000000e+002
  2.5924999389648440e+002  4.1069999999999999e+002
  2.5934999389648436e+002  4.1419999999999999e+002
  2.5994999389648439e+002  4.1800000000000000e+002
  2.6014999389648437e+002  4.2080000000000001e+002
  2.6054999389648435e+002  4.2439999999999998e+002
  2.6104999389648435e+002  4.2810000000000002e+002
  2.6164999389648437e+002  4.3119999999999999e+002
  2.6214999389648438e+002  4.3500000000000000e+002
  2.6264999389648438e+002  4.3910000000000002e+002
  2.6314999389648437e+002  4.4310000000000002e+002
  2.6354999389648435e+002  4.4700000000000000e+002
  2.6404999389648435e+002  4.5089999999999998e+002
  2.6444999389648439e+002  4.5489999999999998e+002
  2.6494999389648439e+002  4.5850000000000000e+002
  2.6534999389648436e+002  4.6230000000000001e+002
  2.6584999389648436e+002  4.6630000000000001e+002
  2.6624999389648440e+002  4.7030000000000001e+002
  2.6674999389648440e+002  4.7430000000000001e+002
  2.6704999389648435e+002  4.7830000000000001e+002
  2.6714999389648437e+002  4.8269999999999999e+002
  2.6744999389648439e+002  4.8650000000000000e+002
  2.6774999389648440e+002  4.9019999999999999e+002
  2.6834999389648436e+002  4.9389999999999998e+002
  2.6884999389648436e+002  4.9780000000000001e+002
  2.6954999389648435e+002  5.0239999999999998e+002
  2.7014999389648437e+002  5.0660000000000002e+002
  2.7054999389648435e+002  5.1039999999999998e+002
  2.7084999389648436e+002  5.1439999999999998e+002
  2.7104999389648435e+002  5.1800000000000000e+002
  2.7114999389648438e+002  5.2160000000000002e+002
  2.7154999389648435e+002  5.2539999999999998e+002
  2.7194999389648439e+002  5.2970000000000005e+002
  2.7244999389648439e+002  5.3350000000000000e+002
  2.7294999389648439e+002  5.3810000000000002e+002
  2.7354999389648435e+002  5.4250000000000000e+002
  2.7394999389648439e+002  5.4670000000000005e+002
  2.7444999389648439e+002  5.5160000000000002e+002
  2.7504999389648435e+002  5.5620000000000005e+002
  2.7574999389648440e+002  5.6050000000000000e+002
  2.7624999389648440e+002  5.6479999999999995e+002
  2.7664999389648438e+002  5.6950000000000000e+002
  2.7674999389648440e+002  5.7320000000000005e+002
  2.7684999389648436e+002  5.7770000000000005e+002
  2.7704999389648435e+002  5.8310000000000002e+002
  2.7704999389648435e+002  5.8770000000000005e+002
  2.7734999389648436e+002  5.9229999999999995e+002
  2.7754999389648435e+002  5.9670000000000005e+002
  2.7784999389648436e+002  6.0120000000000005e+002
  2.7824999389648440e+002  6.0639999999999998e+002
  2.7824999389648440e+002  6.1050000000000000e+002
  2.7814999389648437e+002  6.1470000000000005e+002
  2.7844999389648439e+002  6.1979999999999995e+002
  2.7894999389648439e+002  6.2450000000000000e+002
  2.7904999389648435e+002  6.2900000000000000e+002
  2.7934999389648436e+002  6.3410000000000002e+002
  2.7944999389648439e+002  6.3900000000000000e+002
  2.7964999389648438e+002  6.4389999999999998e+002
  2.7924999389648440e+002  6.4860000000000002e+002
  2.7974999389648440e+002  6.5339999999999998e+002
  2.8024999389648440e+002  6.5820000000000005e+002
  2.8084999389648436e+002  6.6320000000000005e+002
  2.8144999389648439e+002  6.6839999999999998e+002
  2.8184999389648436e+002  6.7360000000000002e+002
  2.8214999389648438e+002  6.7889999999999998e+002
  2.8284999389648436e+002  6.8410000000000002e+002
  2.8324999389648440e+002  6.8929999999999995e+002
  2.8364999389648437e+002  6.9370000000000005e+002
  2.8414999389648437e+002  7.0010000000000002e+002
  2.8454999389648435e+002  7.0510000000000002e+002
  2.8504999389648435e+002  7.1029999999999995e+002
  2.8554999389648435e+002  7.1529999999999995e+002
  2.8584999389648436e+002  7.2089999999999998e+002
  2.8614999389648437e+002  7.2660000000000002e+002
  2.8644999389648439e+002  7.3189999999999998e+002
  2.8664999389648437e+002  7.3750000000000000e+002
  2.8674999389648440e+002  7.4310000000000002e+002
  2.8694999389648439e+002  7.4879999999999995e+002
  2.8724999389648440e+002  7.5389999999999998e+002
  2.8754999389648435e+002  7.5920000000000005e+002
  2.8784999389648436e+002  7.6460000000000002e+002
  2.8824999389648440e+002  7.6950000000000000e+002
  2.8904999389648435e+002  7.7500000000000000e+002
  2.8974999389648440e+002  7.8050000000000000e+002
  2.9024999389648440e+002  7.8620000000000005e+002
  2.9064999389648438e+002  7.9179999999999995e+002
  2.9084999389648436e+002  7.9760000000000002e+002
  2.9074999389648440e+002  8.0329999999999995e+002
  2.9084999389648436e+002  8.0879999999999995e+002
  2.9094999389648439e+002  8.1489999999999998e+002
  2.9094999389648439e+002  8.2010000000000002e+002
  2.9124999389648440e+002  8.2600000000000000e+002
  2.9164999389648437e+002  8.3179999999999995e+002
  2.9184999389648436e+002  8.3729999999999995e+002
  2.9204999389648435e+002  8.4070000000000005e+002
  2.9224999389648440e+002  8.4389999999999998e+002
  2.9234999389648436e+002  8.4689999999999998e+002
  2.9224999389648440e+002  8.4989999999999998e+002
  2.9204999389648435e+002  8.5270000000000005e+002
  2.9184999389648436e+002  8.5589999999999998e+002
  2.9174999389648440e+002  8.5900000000000000e+002
  2.9164999389648437e+002  8.6179999999999995e+002
  2.9174999389648440e+002  8.6479999999999995e+002
  2.9184999389648436e+002  8.6810000000000002e+002
  2.9204999389648435e+002  8.7150000000000000e+002
  2.9214999389648437e+002  8.7429999999999995e+002
  2.9224999389648440e+002  8.7789999999999998e+002
  2.9214999389648437e+002  8.8120000000000005e+002
  2.9204999389648435e+002  8.8420000000000005e+002
  2.9194999389648439e+002  8.8700000000000000e+002
  2.9194999389648439e+002  8.9050000000000000e+002
  2.9204999389648435e+002  8.9370000000000005e+002
  2.9244999389648439e+002  8.9660000000000002e+002
  2.9264999389648437e+002  8.9989999999999998e+002
  2.9294999389648439e+002  9.0320000000000005e+002
  2.9334999389648436e+002  9.0650000000000000e+002
  2.9354999389648435e+002  9.0960000000000002e+002
  2.9384999389648436e+002  9.1289999999999998e+002
  2.9404999389648435e+002  9.1600000000000000e+002
  2.9424999389648440e+002  9.1939999999999998e+002
  2.9454999389648435e+002  9.2260000000000002e+002
  2.9484999389648436e+002  9.2570000000000005e+002
  2.9514999389648437e+002  9.2789999999999998e+002
  2.9524999389648440e+002  9.3089999999999998e+002
  2.9544999389648439e+002  9.3329999999999995e+002
  2.9544999389648439e+002  9.3589999999999998e+002
  2.9584999389648436e+002  9.3870000000000005e+002
  2.9594999389648439e+002  9.4120000000000005e+002
  2.9614999389648437e+002  9.4339999999999998e+002
  2.9634999389648436e+002  9.4650000000000000e+002
  2.9664999389648438e+002  9.4910000000000002e+002
  2.9674999389648440e+002  9.5160000000000002e+002
  2.9694999389648439e+002  9.5410000000000002e+002
  2.9704999389648435e+002  9.5670000000000005e+002
  2.9734999389648436e+002  9.5929999999999995e+002
  2.9754999389648435e+002  9.6139999999999998e+002
  2.9774999389648440e+002  9.6360000000000002e+002
  2.9784999389648436e+002  9.6610000000000002e+002
  2.9804999389648435e+002  9.6789999999999998e+002
  2.9824999389648440e+002  9.6989999999999998e+002
  2.9844999389648439e+002  9.7200000000000000e+002
  2.9864999389648437e+002  9.7439999999999998e+002
  2.9884999389648436e+002  9.7600000000000000e+002
  2.9894999389648439e+002  9.7820000000000005e+002
  2.9914999389648438e+002  9.8060000000000002e+002
  2.9934999389648436e+002  9.8279999999999995e+002
  2.9954999389648435e+002  9.8489999999999998e+002
  2.9974999389648440e+002  9.8729999999999995e+002
  3.0004999389648435e+002  9.9000000000000000e+002
  3.0014999389648437e+002  9.9289999999999998e+002
  3.0054999389648435e+002  9.9570000000000005e+002
  3.0134999389648436e+002  9.9870000000000005e+002
  3.0234999389648436e+002  1.0020000000000000e+003
  3.0324999389648440e+002  1.0052000000000000e+003
